
y <- 4

g <- 3
